1.000000000 0.000000000 0.000000000 0.000000000 0.000000000 1.000000000 0.000000000 0.000000000 0.000000000 0.000000000 1.000000000 0.000000000
1.000000000 -0.000029357 0.000100400 -0.014308883 0.000029214 0.999998987 0.001428296 -0.012465212 -0.000100442 -0.001428293 0.999998987 1.315613508
0.999998271 -0.001708207 -0.000624301 -0.013589030 0.001709317 0.999996960 0.001780806 -0.038623627 0.000621258 -0.001781871 0.999998212 2.628368616
0.999995530 -0.002935763 -0.000566304 -0.020980615 0.002936280 0.999995291 0.000915161 -0.059262794 0.000563615 -0.000916819 0.999999404 3.939973116
0.999994576 -0.003194902 -0.000792295 -0.025319446 0.003195734 0.999994338 0.001052303 -0.079555780 0.000788928 -0.001054829 0.999999166 5.253618717
0.999992907 -0.003733409 -0.000492775 -0.031067666 0.003734388 0.999991000 0.002000768 -0.106514320 0.000485301 -0.002002593 0.999997854 6.596941471
0.999986291 -0.005239217 -0.000257224 -0.038962509 0.005239998 0.999981344 0.003137406 -0.122179762 0.000240781 -0.003138711 0.999995053 7.909097672
0.999989927 -0.004469189 -0.000360578 -0.045053545 0.004470441 0.999983728 0.003548521 -0.140766591 0.000344714 -0.003550097 0.999993622 9.257905006
0.999992728 -0.003743537 -0.000698534 -0.048393775 0.003744760 0.999991477 0.001758225 -0.159258813 0.000691946 -0.001760828 0.999998271 10.611747742
0.999998569 -0.001367729 -0.000991513 -0.056382034 0.001367556 0.999999046 -0.000175057 -0.182348162 0.000991752 0.000173700 0.999999464 11.960360527
0.999997377 0.002206018 -0.000628804 -0.075200945 -0.002206658 0.999997079 -0.001018157 -0.205341771 0.000626556 0.001019542 0.999999285 13.303229332
0.999989152 0.004645350 -0.000360138 -0.096154526 -0.004645732 0.999988616 -0.001068977 -0.227924615 0.000355168 0.001070638 0.999999344 14.639968872
0.999982476 0.005886595 -0.000629066 -0.096533164 -0.005886703 0.999982655 -0.000169479 -0.248337656 0.000628057 0.000173179 0.999999821 15.994065285
0.999994278 0.003361912 0.000436880 -0.117585026 -0.003363020 0.999991059 0.002560067 -0.272272199 -0.000428270 -0.002561522 0.999996603 17.349311829
0.999999642 -0.000636232 0.000558037 -0.119474515 0.000633770 0.999990165 0.004401982 -0.290242136 -0.000560832 -0.004401627 0.999990106 18.704685211
0.999994457 -0.003290489 0.000448395 -0.124722578 0.003289506 0.999992192 0.002174968 -0.308187485 -0.000455548 -0.002173481 0.999997497 20.044513702
0.999989450 -0.004572848 0.000416880 -0.136022359 0.004572625 0.999989331 0.000532694 -0.338717431 -0.000419312 -0.000530782 0.999999762 21.412355423
0.999997318 -0.001745634 0.001552161 -0.157768637 0.001747475 0.999997735 -0.001185281 -0.354085684 -0.001550088 0.001187990 0.999998093 22.759004593
0.999997616 0.000865725 0.001998826 -0.163087130 -0.000866935 0.999999464 0.000604561 -0.368576318 -0.001998301 -0.000606293 0.999997795 24.153108597
0.999995828 0.001388396 0.002503987 -0.166634083 -0.001399457 0.999989212 0.004420668 -0.391769469 -0.002497823 -0.004424154 0.999987006 25.520654678
0.999995112 -0.000587649 0.003071490 -0.167637527 0.000567842 0.999979079 0.006445593 -0.403317004 -0.003075214 -0.006443817 0.999974489 26.906633377
0.999978781 -0.006096178 0.002304944 -0.150182649 0.006085797 0.999971449 0.004483558 -0.419880420 -0.002332211 -0.004469436 0.999987304 28.329473495
0.999979317 -0.005980842 0.002370313 -0.152178034 0.005975354 0.999979496 0.002315106 -0.434003890 -0.002384110 -0.002300895 0.999994576 29.707509995
0.999975443 -0.006210476 0.003249193 -0.158879668 0.006211340 0.999980628 -0.000255693 -0.458605677 -0.003247542 0.000275868 0.999994636 31.075725555
0.999987125 -0.003143730 0.003993493 -0.169982299 0.003146703 0.999994755 -0.000738228 -0.484401166 -0.003991151 0.000750784 0.999991715 32.455375671
0.999988139 -0.002037366 0.004422156 -0.177766696 0.002051028 0.999993145 -0.003087089 -0.505375206 -0.004415836 0.003096123 0.999985456 33.817691803
0.999989688 -0.001326087 0.004344107 -0.174996063 0.001337109 0.999995887 -0.002535318 -0.525535047 -0.004340727 0.002541100 0.999987364 35.215335846
0.999990284 -0.001207107 0.004242850 -0.185187176 0.001213496 0.999998212 -0.001503584 -0.549209297 -0.004241027 0.001508718 0.999989867 36.589412689
0.999991000 0.000058256 0.004238157 -0.200582623 -0.000060143 0.999999881 0.000445190 -0.577363551 -0.004238130 -0.000445441 0.999990940 37.973384857
0.999985218 0.002994045 0.004516720 -0.216757193 -0.002996263 0.999995351 0.000484305 -0.594857275 -0.004515249 -0.000497831 0.999989688 39.364646912
0.999976575 0.005070961 0.004593313 -0.220350176 -0.005072037 0.999987125 0.000222398 -0.618259490 -0.004592126 -0.000245690 0.999989390 40.758876801
0.999965310 0.007174780 0.004250010 -0.222494170 -0.007179001 0.999973834 0.000978770 -0.642280757 -0.004242877 -0.001009247 0.999990463 42.155647278
0.999962449 0.007673760 0.004028122 -0.234347612 -0.007676759 0.999970257 0.000729882 -0.657103598 -0.004022401 -0.000760778 0.999991536 43.559482574
0.999968886 0.006887861 0.003847344 -0.239779428 -0.006888875 0.999976218 0.000250161 -0.674267173 -0.003845530 -0.000276657 0.999992549 44.970222473
0.999980032 0.005546600 0.003020055 -0.251098990 -0.005547544 0.999984562 0.000304363 -0.701259971 -0.003018320 -0.000321110 0.999995351 46.367610931
0.999984324 0.005057632 0.002385076 -0.257472187 -0.005059266 0.999986887 0.000679207 -0.725310504 -0.002381610 -0.000691263 0.999996901 47.777873993
0.999985278 0.005280618 0.001259768 -0.264828563 -0.005282842 0.999984503 0.001768574 -0.744226575 -0.001250409 -0.001775203 0.999997616 49.212947845
0.999982059 0.005965784 0.000526559 -0.284504622 -0.005966594 0.999980986 0.001550570 -0.762165308 -0.000517299 -0.001553684 0.999998629 50.613418579
0.999982715 0.005809706 -0.000912874 -0.290426105 -0.005807812 0.999980986 0.002064168 -0.787039340 0.000924849 -0.002058830 0.999997377 52.039649963
0.999978900 0.006027849 -0.002431517 -0.301868826 -0.006021025 0.999977946 0.002803907 -0.807900369 0.002448365 -0.002789208 0.999993086 53.448604584
0.999984086 0.004769233 -0.003017008 -0.312527090 -0.004757744 0.999981403 0.003803648 -0.824429154 0.003035092 -0.003789233 0.999988198 54.894298553
0.999988854 0.002456652 -0.004052727 -0.321474791 -0.002439675 0.999988258 0.004188522 -0.848669112 0.004062969 -0.004178587 0.999983013 56.328876495
0.999991357 0.000590273 -0.004119291 -0.340438157 -0.000577500 0.999995053 0.003101209 -0.864401996 0.004121102 -0.003098803 0.999986649 57.756172180
0.999989808 -0.001019626 -0.004410977 -0.351784647 0.001035858 0.999992788 0.003679226 -0.886248469 0.004407194 -0.003683758 0.999983490 59.178321838
0.999991059 -0.002346759 -0.003524358 -0.363156259 0.002361320 0.999988675 0.004132996 -0.905373514 0.003514619 -0.004141280 0.999985278 60.611190796
0.999988794 -0.003599503 -0.003113163 -0.368249118 0.003615974 0.999979436 0.005301395 -0.925220549 0.003094016 -0.005312592 0.999981105 62.044624329
0.999986768 -0.004617773 -0.002255757 -0.391207039 0.004628315 0.999978304 0.004690387 -0.945194244 0.002234048 -0.004700766 0.999986470 63.445968628
0.999981761 -0.005835239 -0.001539096 -0.403963536 0.005840977 0.999975920 0.003750323 -0.960992575 0.001517175 -0.003759245 0.999991775 64.858047485
0.999982953 -0.005672648 -0.001382336 -0.399984032 0.005677607 0.999977469 0.003610995 -0.989307582 0.001361821 -0.003618782 0.999992549 66.252067566
0.999986649 -0.005153443 -0.000494844 -0.406009883 0.005155270 0.999979556 0.003765156 -1.008744240 0.000475430 -0.003767656 0.999992788 67.691230774
0.999998033 -0.001991706 -0.000059443 -0.423558533 0.001991978 0.999985456 0.005011249 -1.027404785 0.000049461 -0.005011358 0.999987423 69.105682373
0.999998808 0.001408814 0.000801773 -0.437697113 -0.001413757 0.999979794 0.006198851 -1.044152856 -0.000793024 -0.006199976 0.999980450 70.502548218
0.999986053 0.005117649 0.001318244 -0.440562576 -0.005126690 0.999962628 0.006949329 -1.068603039 -0.001282631 -0.006955990 0.999974906 71.900444031
0.999960005 0.008752338 0.001839697 -0.452834278 -0.008764353 0.999939501 0.006627539 -1.084945917 -0.001781580 -0.006643398 0.999976277 73.298721313
0.999918103 0.012575499 0.002372167 -0.468579799 -0.012588803 0.999904573 0.005677892 -1.099566936 -0.002300539 -0.005707290 0.999980986 74.686798096
0.999893546 0.014179229 0.003440699 -0.478780180 -0.014199103 0.999882162 0.005822586 -1.120634079 -0.003357734 -0.005870821 0.999977052 76.082313538
0.999896228 0.013921558 0.003703022 -0.480232269 -0.013943642 0.999884725 0.006006666 -1.130972147 -0.003618973 -0.006057676 0.999975085 77.495155334
0.999897182 0.013880986 0.003578578 -0.486743301 -0.013901174 0.999887228 0.005680017 -1.157970905 -0.003499330 -0.005729179 0.999977469 78.870918274
0.999920428 0.012128109 0.003468958 -0.491417587 -0.012144837 0.999914467 0.004842442 -1.173048973 -0.003409933 -0.004884186 0.999982238 80.250587463
0.999923885 0.011833302 0.003469050 -0.498713106 -0.011850733 0.999916971 0.005047759 -1.195861459 -0.003409031 -0.005088485 0.999981165 81.613967896
0.999923646 0.011915081 0.003252519 -0.503632903 -0.011931180 0.999916434 0.004976682 -1.210658908 -0.003192949 -0.005015108 0.999982238 83.005996704
0.999936640 0.011026702 0.002228745 -0.490352631 -0.011037237 0.999927700 0.004772382 -1.229966164 -0.002175961 -0.004796680 0.999986053 84.367881775
0.999936640 0.011066588 0.002065617 -0.507167697 -0.011077231 0.999924958 0.005215043 -1.245852351 -0.002007750 -0.005237595 0.999984264 85.702865601
0.999943793 0.010562766 0.000891241 -0.503884315 -0.010567950 0.999925911 0.006028556 -1.266505480 -0.000827497 -0.006037637 0.999981403 87.064926147
0.999957383 0.009229926 -0.000125703 -0.519258738 -0.009228844 0.999933600 0.006890889 -1.294900775 0.000189297 -0.006889437 0.999976277 88.501815796
0.999972999 0.007222105 -0.001364763 -0.533034384 -0.007211749 0.999946237 0.007447700 -1.306932569 0.001418477 -0.007437658 0.999971390 89.868530273
0.999986231 0.004904833 -0.001869401 -0.536445737 -0.004889921 0.999956846 0.007899363 -1.338254571 0.001908065 -0.007890113 0.999967039 91.248313904
0.999990523 0.003893435 -0.001934881 -0.551868141 -0.003879429 0.999966621 0.007190364 -1.349641800 0.001962811 -0.007182789 0.999972284 92.631240845
0.999992311 0.002769522 -0.002771117 -0.549120367 -0.002750372 0.999972463 0.006890456 -1.372974157 0.002790124 -0.006882781 0.999972343 93.976181030
0.999990463 0.003344314 -0.002802728 -0.565322578 -0.003327837 0.999977231 0.005863299 -1.381959915 0.002822273 -0.005853916 0.999978840 95.346359253
0.999992013 0.003125543 -0.002499841 -0.578209937 -0.003111911 0.999980390 0.005438219 -1.399779439 0.002516790 -0.005430396 0.999981999 96.718948364
0.999990463 0.003692033 -0.002364201 -0.591561198 -0.003680144 0.999980748 0.005013152 -1.420413494 0.002382664 -0.005004404 0.999984562 98.060867310
0.999983549 0.005240486 -0.002328923 -0.603941977 -0.005228843 0.999973953 0.004977985 -1.435597301 0.002354949 -0.004965724 0.999984920 99.394813538
0.999981463 0.005788160 -0.001896485 -0.618296564 -0.005775667 0.999962032 0.006528080 -1.453660369 0.001934199 -0.006517006 0.999976873 100.725944519
0.999976277 0.006532757 -0.002143749 -0.631964982 -0.006515452 0.999946833 0.007982595 -1.474112749 0.002195783 -0.007968438 0.999965847 102.075645447
0.999979496 0.006159012 -0.001724895 -0.644737065 -0.006147491 0.999959290 0.006606537 -1.486850619 0.001765515 -0.006595798 0.999976695 103.411575317
0.999977648 0.006480423 -0.001655411 -0.660270989 -0.006473576 0.999970615 0.004108916 -1.506483555 0.001681990 -0.004098109 0.999990106 104.695396423
0.999982119 0.005709710 -0.001851813 -0.669962049 -0.005704166 0.999979377 0.002985300 -1.523722410 0.001868820 -0.002974684 0.999993742 106.034843445
0.999992788 0.003287524 -0.001911946 -0.673557043 -0.003279423 0.999985695 0.004225247 -1.544321537 0.001925809 -0.004218948 0.999989271 107.361610413
0.999998748 0.000798589 -0.001385464 -0.681268692 -0.000790112 0.999981046 0.006107976 -1.559148550 0.001390316 -0.006106874 0.999980390 108.702568054
1.000000000 -0.000070716 -0.000106888 -0.690157592 0.000071411 0.999978781 0.006515393 -1.570687175 0.000106425 -0.006515400 0.999978781 110.011116028
0.999999106 -0.001383540 0.000218557 -0.689359009 0.001382324 0.999984145 0.005467905 -1.591108561 -0.000226118 -0.005467597 0.999985039 111.331436157
0.999997914 0.001440951 0.001393988 -0.711548507 -0.001444924 0.999994874 0.002852765 -1.604032040 -0.001389870 -0.002854774 0.999994874 112.645378113
0.999990463 0.003401451 0.002736818 -0.719048202 -0.003403683 0.999993801 0.000811212 -1.623159289 -0.002734042 -0.000820519 0.999995887 113.986228943
0.999969482 0.006602795 0.004154943 -0.730080485 -0.006605914 0.999977827 0.000737577 -1.646606922 -0.004149982 -0.000765002 0.999991119 115.269325256
0.999951899 0.008087942 0.005542616 -0.733789027 -0.008101440 0.999964237 0.002417068 -1.663564801 -0.005522870 -0.002461856 0.999981701 116.612075806
0.999948323 0.007611003 0.006730243 -0.734576464 -0.007644512 0.999958456 0.004967299 -1.687887192 -0.006692157 -0.005018492 0.999965012 117.947959900
0.999943614 0.007366220 0.007649738 -0.731885195 -0.007407816 0.999957860 0.005423491 -1.701377034 -0.007609465 -0.005479853 0.999956012 119.285415649
0.999937654 0.007422592 0.008340809 -0.727881491 -0.007460928 0.999961734 0.004574301 -1.713190556 -0.008306539 -0.004636246 0.999954760 120.634544373
0.999911845 0.009153589 0.009614835 -0.721774876 -0.009194842 0.999948800 0.004255128 -1.731308103 -0.009575392 -0.004343160 0.999944746 121.978843689
0.999876261 0.011337582 0.010903509 -0.724619091 -0.011381960 0.999927163 0.004016655 -1.750522971 -0.010857176 -0.004140262 0.999932408 123.305831909
0.999859512 0.011785859 0.011917215 -0.716278255 -0.011820490 0.999926090 0.002839746 -1.764334202 -0.011882868 -0.002980215 0.999924898 124.648628235
0.999830425 0.013112090 0.012929862 -0.712274432 -0.013141288 0.999911308 0.002175702 -1.789989114 -0.012900185 -0.002345248 0.999914050 125.995262146
0.999828637 0.012281291 0.013851649 -0.700395048 -0.012308806 0.999922574 0.001902839 -1.805842280 -0.013827206 -0.002073011 0.999902248 127.342773438
0.999818146 0.012086509 0.014752734 -0.693334103 -0.012138067 0.999920428 0.003410204 -1.831276178 -0.014710343 -0.003588653 0.999885380 128.687072754
0.999822974 0.010750218 0.015446845 -0.678497970 -0.010813662 0.999933362 0.004029618 -1.849122286 -0.015402497 -0.004195941 0.999872625 129.999252319
0.999821782 0.009709196 0.016190540 -0.671915472 -0.009780787 0.999942720 0.004348451 -1.863035440 -0.016147392 -0.004506032 0.999859393 131.375564575
0.999842286 0.007464230 0.016113229 -0.653809190 -0.007534920 0.999962211 0.004330864 -1.875571012 -0.016080292 -0.004451594 0.999860764 132.727355957
0.999858558 0.006151276 0.015647842 -0.634675980 -0.006231350 0.999967694 0.005073624 -1.897321582 -0.015616126 -0.005170414 0.999864697 134.101165771
0.999873698 0.004612686 0.015199484 -0.624673903 -0.004684424 0.999978065 0.004687540 -1.912271619 -0.015177528 -0.004758148 0.999873579 135.446304321
0.999891996 0.003475985 0.014281093 -0.615212917 -0.003539343 0.999984145 0.004413617 -1.924878240 -0.014265523 -0.004463686 0.999888301 136.781494141
0.999912441 0.002182317 0.013054096 -0.601012051 -0.002250259 0.999984026 0.005192246 -1.939427495 -0.013042558 -0.005221166 0.999901295 138.135055542
0.999923587 0.000404534 0.012354556 -0.599025965 -0.000475599 0.999983370 0.005749727 -1.962709308 -0.012352025 -0.005755161 0.999907136 139.473587036
0.999936581 0.000112416 0.011253761 -0.595122516 -0.000176066 0.999983966 0.005655031 -1.976821303 -0.011252944 -0.005656654 0.999920607 140.802078247
0.999948859 -0.000734561 0.010084868 -0.584232688 0.000681140 0.999985754 0.005299607 -1.996869326 -0.010088617 -0.005292466 0.999935091 142.150802612
0.999956846 -0.000630509 0.009260866 -0.586750090 0.000587173 0.999988914 0.004681460 -2.009605646 -0.009263714 -0.004675821 0.999946117 143.483627319
0.999962270 -0.002903604 0.008184709 -0.568319321 0.002881987 0.999992311 0.002651709 -2.034022808 -0.008192346 -0.002628021 0.999962926 144.823699951
0.999940753 -0.007942650 0.007427892 -0.566382170 0.007927048 0.999966264 0.002127454 -2.050925493 -0.007444539 -0.002068447 0.999970138 146.165496826
0.999851704 -0.015943192 0.006511322 -0.556117713 0.015911534 0.999861479 0.004885621 -2.086090326 -0.006588313 -0.004781291 0.999966800 147.520523071
0.999726772 -0.022874324 0.004808881 -0.541234255 0.022844328 0.999719858 0.006202727 -2.099728823 -0.004949417 -0.006091177 0.999969184 148.856384277
0.999646008 -0.026330987 0.003808202 -0.530402005 0.026319189 0.999648690 0.003116897 -2.117305279 -0.003888935 -0.003015565 0.999987841 150.210662842
0.999661207 -0.025668835 0.004327084 -0.533850253 0.025669372 0.999670506 -0.000067568 -2.136096716 -0.004323923 0.000178618 0.999990642 151.546020508
0.999731004 -0.022652570 0.004974739 -0.538121819 0.022661638 0.999741554 -0.001774384 -2.168503761 -0.004933259 0.001886643 0.999985993 152.874313354
0.999725878 -0.022710893 0.005688229 -0.545415342 0.022723487 0.999739468 -0.002159387 -2.191668272 -0.005637705 0.002288052 0.999981463 154.198074341
0.999656618 -0.025455842 0.006212160 -0.527347744 0.025447108 0.999675095 0.001481385 -2.212674618 -0.006247851 -0.001322795 0.999979615 155.562881470
0.999516606 -0.030352090 0.006730651 -0.516045034 0.030327246 0.999532938 0.003763505 -2.226795912 -0.006841738 -0.003557564 0.999970257 156.924819946
0.999386311 -0.034388486 0.006667126 -0.509527624 0.034351576 0.999394298 0.005572817 -2.248929739 -0.006854728 -0.005340370 0.999962270 158.266571045
0.999338627 -0.035739031 0.006701544 -0.502277076 0.035705231 0.999349356 0.005097785 -2.259777784 -0.006879374 -0.004855134 0.999964595 159.603881836
0.999403477 -0.033601809 0.007966977 -0.510790646 0.033553876 0.999418437 0.006076214 -2.281668663 -0.008166514 -0.005805267 0.999949813 160.950881958
0.999519944 -0.029564288 0.009257845 -0.519655704 0.029517561 0.999551058 0.005144060 -2.295996666 -0.009405769 -0.004868322 0.999943852 162.288009644
0.999628901 -0.025561472 0.009414283 -0.488186717 0.025535012 0.999669671 0.002920305 -2.315150738 -0.009485820 -0.002678828 0.999951422 163.661682129
0.999690413 -0.022727748 0.010128620 -0.481814235 0.022703903 0.999739170 0.002463131 -2.333306074 -0.010181960 -0.002232409 0.999945700 165.017456055
0.999722004 -0.020808764 0.011088861 -0.492033571 0.020771021 0.999778211 0.003508202 -2.353772163 -0.011159400 -0.003276901 0.999932289 166.345535278
0.999769211 -0.019017639 0.010001559 -0.471683681 0.018987859 0.999815047 0.003064386 -2.374983788 -0.010057986 -0.002873771 0.999945223 167.710342407
0.999816239 -0.016165363 0.010303147 -0.476033896 0.016162699 0.999869287 0.000341687 -2.391409636 -0.010307324 -0.000175098 0.999946833 169.060104370
0.999877930 -0.012135410 0.009838423 -0.475681245 0.012159280 0.999923229 -0.002370116 -2.413167000 -0.009808905 0.002489455 0.999948859 170.409484863
0.999928832 -0.006943483 0.009700254 -0.473366469 0.006977829 0.999969482 -0.003511495 -2.443953753 -0.009675574 0.003578931 0.999946773 171.749191284
0.999948859 -0.002552527 0.009785232 -0.470338851 0.002574801 0.999994040 -0.002264356 -2.469061375 -0.009779396 0.002289435 0.999949515 173.128067017
0.999946713 0.000435008 0.010311088 -0.467871815 -0.000430302 0.999999821 -0.000458589 -2.488966703 -0.010311284 0.000454127 0.999946713 174.494079590
0.999944448 0.001559752 0.010429005 -0.465503335 -0.001578061 0.999997318 0.001747597 -2.509951591 -0.010426251 -0.001763958 0.999944091 175.870590210
0.999951243 -0.002387008 0.009593399 -0.468045413 0.002358317 0.999992728 0.003000912 -2.533365726 -0.009600493 -0.002978141 0.999949396 177.210754395
0.999964118 -0.004066991 0.007435217 -0.451719135 0.004046503 0.999987960 0.002768561 -2.544485807 -0.007446387 -0.002738375 0.999968469 178.603759766
0.999969542 -0.004842567 0.006120451 -0.460835814 0.004850104 0.999987483 -0.001216998 -2.574266672 -0.006114481 0.001246645 0.999980509 179.991271973
0.999986112 -0.003047421 0.004289361 -0.452619255 0.003070563 0.999980688 -0.005398974 -2.597456455 -0.004272825 0.005412070 0.999976218 181.383209229
0.999990940 0.001759926 0.003854705 -0.462607861 -0.001736786 0.999980509 -0.005998197 -2.629885674 -0.003865186 0.005991447 0.999974608 182.780868530
0.999978721 0.005425969 0.003618266 -0.468077749 -0.005407317 0.999972165 -0.005145113 -2.657454252 -0.003646082 0.005125439 0.999980211 184.206680298
0.999962509 0.007631671 0.004084093 -0.483842880 -0.007624429 0.999969363 -0.001786129 -2.684720993 -0.004097598 0.001754923 0.999990046 185.606185913
0.999960840 0.007803125 0.004201085 -0.488720834 -0.007805514 0.999969363 0.000552332 -2.710748434 -0.004196647 -0.000585102 0.999991000 187.013076782
0.999963820 0.007202164 0.004517842 -0.489708275 -0.007208239 0.999973118 0.001329689 -2.724725008 -0.004508143 -0.001362206 0.999988914 188.425552368
0.999979317 0.004818149 0.004264629 -0.486683697 -0.004825821 0.999986768 0.001790433 -2.738254547 -0.004255946 -0.001810976 0.999989271 189.882904053
0.999986470 0.003000650 0.004248812 -0.482679218 -0.003010320 0.999992907 0.002271280 -2.759003639 -0.004241968 -0.002284040 0.999988377 191.311035156
0.999988675 0.000304574 0.004746852 -0.488320053 -0.000315928 0.999997079 0.002391474 -2.777752399 -0.004746111 -0.002392946 0.999985874 192.743118286
0.999983728 -0.002886569 0.004922933 -0.490762413 0.002868436 0.999989033 0.003686414 -2.806941271 -0.004933520 -0.003672233 0.999981046 194.153610229
0.999956012 -0.007429294 0.005718802 -0.490523189 0.007400813 0.999960184 0.004985581 -2.822293758 -0.005755613 -0.004943038 0.999971271 195.587661743
0.999930024 -0.010374933 0.005679012 -0.467909992 0.010346015 0.999933481 0.005098107 -2.839612722 -0.005731526 -0.005038995 0.999970794 197.040084839
0.999950051 -0.008017938 0.005961252 -0.469312251 0.008016191 0.999967754 0.000316851 -2.852688074 -0.005963601 -0.000269049 0.999982119 198.464447021
0.999980509 -0.000616511 0.006217601 -0.469904900 0.000645538 0.999988914 -0.004667560 -2.866781235 -0.006214654 0.004671482 0.999969721 199.933837891
0.999937236 0.008048346 0.007794339 -0.479969889 -0.008013174 0.999957621 -0.004533095 -2.901683331 -0.007830493 0.004470352 0.999959350 201.393798828
0.999829888 0.016204992 0.008807307 -0.494129151 -0.016195668 0.999868155 -0.001129131 -2.918542862 -0.008824443 0.000986299 0.999960542 202.823638916
0.999821484 0.016447995 0.009295402 -0.479468673 -0.016461955 0.999863446 0.001427062 -2.951995611 -0.009270661 -0.001579827 0.999955773 204.263244629
0.999849975 0.014794025 0.009013715 -0.475389957 -0.014810827 0.999888659 0.001799970 -2.968360424 -0.008986083 -0.001933201 0.999957740 205.714050293
0.999907553 0.011428118 0.007368552 -0.460095763 -0.011443145 0.999932468 0.002000218 -2.992834806 -0.007345195 -0.002084353 0.999970853 207.151321411
0.999938428 0.008857303 0.006685625 -0.466328084 -0.008867295 0.999959588 0.001466731 -3.014690399 -0.006672364 -0.001525924 0.999976575 208.597442627
0.999937892 0.009199510 0.006288700 -0.462428480 -0.009205936 0.999957144 0.000993617 -3.033260584 -0.006279289 -0.001051449 0.999979734 210.068862915
0.999928296 0.010517555 0.005732695 -0.460186750 -0.010524590 0.999943852 0.001198615 -3.057637453 -0.005719767 -0.001258863 0.999982834 211.521514893
0.999927044 0.010816667 0.005381376 -0.451677680 -0.010827438 0.999939442 0.001976278 -3.079824924 -0.005359675 -0.002034400 0.999983549 212.995925903
0.999926925 0.010721067 0.005592208 -0.460743815 -0.010731562 0.999940693 0.001850121 -3.103351355 -0.005572042 -0.001909999 0.999982655 214.462448120
0.999929488 0.010639047 0.005261421 -0.465196252 -0.010641495 0.999943256 0.000437741 -3.123340368 -0.005256466 -0.000493700 0.999986053 215.915237427
0.999932110 0.010416105 0.005203091 -0.470148027 -0.010416254 0.999945700 0.000001962 -3.142102718 -0.005202787 -0.000056159 0.999986410 217.369064331
0.999945581 0.009309369 0.004702674 -0.471495837 -0.009310108 0.999956608 0.000135482 -3.170338869 -0.004701209 -0.000179257 0.999988854 218.841369629
0.999935746 0.010217167 0.004906932 -0.482880622 -0.010216586 0.999947786 -0.000143356 -3.193462610 -0.004908140 0.000093215 0.999987960 220.313354492
0.999936223 0.010434097 0.004332625 -0.481271386 -0.010433433 0.999945641 -0.000176227 -3.218358040 -0.004334229 0.000131011 0.999990523 221.802139282
0.999920547 0.011815846 0.004387834 -0.493089288 -0.011814434 0.999930143 -0.000347457 -3.247618914 -0.004391633 0.000295590 0.999990284 223.264038086
0.999918759 0.012000558 0.004299644 -0.500704765 -0.011996925 0.999927700 -0.000869779 -3.265746117 -0.004309771 0.000818126 0.999990344 224.746719360
0.999912620 0.012459955 0.004402223 -0.522178233 -0.012458034 0.999922216 -0.000463540 -3.295475960 -0.004407657 0.000408657 0.999990225 226.205596924
0.999925792 0.011447454 0.004151155 -0.521796823 -0.011444854 0.999934316 -0.000649569 -3.317724943 -0.004158319 0.000602012 0.999991238 227.702865601
0.999939919 0.010179815 0.004065949 -0.517021537 -0.010177263 0.999948025 -0.000647802 -3.347706318 -0.004072332 0.000606383 0.999991477 229.204528809
0.999948144 0.009199182 0.004378341 -0.524602890 -0.009197463 0.999957621 -0.000412590 -3.373226404 -0.004381950 0.000372299 0.999990344 230.704238892
0.999964237 0.007134020 0.004544603 -0.522261262 -0.007135829 0.999974489 0.000381868 -3.394943237 -0.004541763 -0.000414284 0.999989629 232.197875977
0.999962568 0.007363854 0.004549204 -0.523729324 -0.007366403 0.999972761 0.000543979 -3.417068720 -0.004545075 -0.000577470 0.999989510 233.701461792
0.999956071 0.008060041 0.004789649 -0.533975363 -0.008061191 0.999967456 0.000221326 -3.448951483 -0.004787708 -0.000259926 0.999988496 235.215347290
0.999952137 0.008427824 0.004967649 -0.532520294 -0.008428175 0.999964476 0.000049735 -3.481144190 -0.004967055 -0.000091601 0.999987662 236.718673706
0.999937892 0.009687665 0.005500175 -0.536006808 -0.009691481 0.999952734 0.000667686 -3.504610062 -0.005493447 -0.000720950 0.999984622 238.221420288
0.999924242 0.010322275 0.006705733 -0.549278677 -0.010340005 0.999943137 0.002614754 -3.525724411 -0.006678362 -0.002683893 0.999974072 239.737579346
0.999929190 0.009790421 0.006767346 -0.539506376 -0.009812084 0.999946833 0.003175606 -3.543861389 -0.006735896 -0.003241783 0.999971986 241.260848999
0.999918103 0.010195388 0.007749432 -0.545951128 -0.010207560 0.999946713 0.001532700 -3.563770294 -0.007733393 -0.001611677 0.999968767 242.729354858
0.999906898 0.010725729 0.008446578 -0.541329801 -0.010725382 0.999942422 -0.000086628 -3.583470583 -0.008447021 -0.000003973 0.999964297 244.241226196
0.999908626 0.010638174 0.008342263 -0.527173996 -0.010646241 0.999943018 0.000923324 -3.614345312 -0.008331967 -0.001012054 0.999964774 245.793548584
0.999915600 0.010445051 0.007714908 -0.507841706 -0.010459125 0.999943733 0.001786034 -3.634343386 -0.007695818 -0.001866574 0.999968648 247.339385986
0.999903977 0.011417638 0.007842613 -0.513349354 -0.011433889 0.999932647 0.002030456 -3.656111002 -0.007818902 -0.002119932 0.999967158 248.868423462
0.999912381 0.011041608 0.007301981 -0.502819240 -0.011059301 0.999935985 0.002387121 -3.684659481 -0.007275156 -0.002467667 0.999970496 250.427780151
0.999894202 0.012339022 0.007696681 -0.498995930 -0.012359852 0.999920130 0.002664715 -3.704521418 -0.007663186 -0.002759563 0.999966860 251.967102051
0.999866605 0.014243498 0.007983660 -0.504400074 -0.014261213 0.999896049 0.002166628 -3.721025944 -0.007951968 -0.002280196 0.999965727 253.517364502
0.999855518 0.014841539 0.008284414 -0.500048757 -0.014860715 0.999887109 0.002257977 -3.737761021 -0.008249966 -0.002380763 0.999963105 255.064361572
0.999877751 0.013282921 0.008247302 -0.500133336 -0.013305339 0.999907911 0.002669337 -3.765753269 -0.008211087 -0.002778744 0.999962449 256.614868164
0.999899805 0.011679992 0.007992758 -0.487257421 -0.011705314 0.999926627 0.003128558 -3.781462908 -0.007955630 -0.003221802 0.999963224 258.143127441
0.999923289 0.009176267 0.008318751 -0.485275686 -0.009210357 0.999949276 0.004069173 -3.802299976 -0.008280990 -0.004145479 0.999957085 259.655639648
0.999930859 0.007929861 0.008683221 -0.484052926 -0.007958535 0.999962986 0.003272773 -3.818835020 -0.008656947 -0.003341653 0.999956965 261.195678711
0.999941885 0.006726938 0.008426800 -0.480734944 -0.006745171 0.999974966 0.002137210 -3.836596012 -0.008412211 -0.002193926 0.999962270 262.745697021
0.999944091 0.005152354 0.009233547 -0.476363868 -0.005187782 0.999979258 0.003817002 -3.859586239 -0.009213687 -0.003864690 0.999950111 264.301544189
0.999947786 0.002990867 0.009766734 -0.467940897 -0.003047627 0.999978602 0.005801911 -3.880704641 -0.009749171 -0.005831374 0.999935508 265.849670410
0.999948621 0.002392410 0.009848499 -0.458157867 -0.002438194 0.999986291 0.004639435 -3.895581961 -0.009837264 -0.004663210 0.999940753 267.441986084
0.999943972 0.002147296 0.010359614 -0.445576012 -0.002183380 0.999991596 0.003473151 -3.910205126 -0.010352069 -0.003495576 0.999940336 268.991210938
0.999940872 0.002481206 0.010587213 -0.428930044 -0.002515166 0.999991655 0.003195481 -3.931627035 -0.010579197 -0.003221920 0.999938846 270.529632568
0.999923050 0.004226617 0.011656339 -0.423183203 -0.004265326 0.999985397 0.003298027 -3.954749107 -0.011642232 -0.003347492 0.999926627 272.063446045
0.999911845 0.005405522 0.012125828 -0.404738218 -0.005445377 0.999979794 0.003256173 -3.979646444 -0.012107985 -0.003321916 0.999921203 273.640869141
0.999891460 0.006689758 0.013122752 -0.394293249 -0.006730526 0.999972641 0.003064983 -4.002923489 -0.013101890 -0.003152973 0.999909282 275.183959961
0.999879181 0.007533544 0.013598570 -0.366584510 -0.007569297 0.999968052 0.002579623 -4.019630432 -0.013578699 -0.002682243 0.999904215 276.745513916
0.999873996 0.007719199 0.013871004 -0.352311671 -0.007740854 0.999968946 0.001508165 -4.038754940 -0.013858930 -0.001615349 0.999902666 278.311553955
0.999860227 0.006682575 0.015335017 -0.338825494 -0.006706470 0.999976397 0.001507245 -4.066434383 -0.015324580 -0.001609878 0.999881268 279.851745605
0.999853909 0.006088016 0.015980685 -0.317833006 -0.006114636 0.999979913 0.001617405 -4.085632324 -0.015970521 -0.001714885 0.999871016 281.436462402
0.999846458 0.005501653 0.016640548 -0.296378613 -0.005547856 0.999980927 0.002731724 -4.110595226 -0.016625199 -0.002823623 0.999857783 283.026611328
0.999851048 0.004491915 0.016659439 -0.269984603 -0.004534123 0.999986589 0.002496702 -4.131836891 -0.016648004 -0.002571866 0.999858022 284.546447754
0.999858916 0.003941037 0.016327817 -0.242965281 -0.003948279 0.999992132 0.000411293 -4.160531998 -0.016326066 -0.000475702 0.999866605 286.111999512
0.999868512 0.002810581 0.015965875 -0.223621055 -0.002773473 0.999993384 -0.002345857 -4.177499294 -0.015972368 0.002301268 0.999869704 287.679962158
0.999879897 0.002611991 0.015272006 -0.199530095 -0.002584166 0.999994993 -0.001841391 -4.213364124 -0.015276736 0.001801705 0.999881685 289.239776611
0.999894798 0.001259704 0.014444144 -0.178737149 -0.001235171 0.999997795 -0.001707255 -4.241237640 -0.014446262 0.001689235 0.999894142 290.787536621
0.999911606 0.001659209 0.013191061 -0.166678831 -0.001623425 0.999995112 -0.002723032 -4.261397362 -0.013195513 0.002701376 0.999909282 292.336578369
0.999909580 0.002178226 0.013270056 -0.166612908 -0.002134154 0.999992311 -0.003334448 -4.282304764 -0.013277214 0.003305826 0.999906301 293.896942139
0.999924839 0.002253145 0.012051501 -0.144569904 -0.002220778 0.999993920 -0.002698477 -4.316557884 -0.012057507 0.002671510 0.999923766 295.474517822
0.999935567 0.001895966 0.011190020 -0.134039804 -0.001867196 0.999994934 -0.002580953 -4.348302841 -0.011194858 0.002559893 0.999934077 297.042907715
0.999951720 0.001446472 0.009710717 -0.117686830 -0.001437599 0.999998569 -0.000920617 -4.383879185 -0.009712036 0.000906612 0.999952435 298.586486816
0.999954939 0.002850092 0.009071400 -0.109992951 -0.002852389 0.999995828 0.000240191 -4.404518127 -0.009070680 -0.000266055 0.999958813 300.150543213
0.999949992 0.002550644 0.009672227 -0.095610686 -0.002553831 0.999996603 0.000317073 -4.424951077 -0.009671388 -0.000341758 0.999953091 301.751129150
0.999939024 0.003338895 0.010519435 -0.085543007 -0.003341213 0.999994397 0.000202723 -4.452873707 -0.010518698 -0.000237858 0.999944568 303.349670410
0.999934435 0.002292548 0.011232312 -0.081444696 -0.002288328 0.999997318 -0.000388638 -4.473262787 -0.011233172 0.000362909 0.999936759 304.922149658
0.999937952 0.000152252 0.011131170 -0.059282705 -0.000139364 0.999999344 -0.001158556 -4.503783703 -0.011131342 0.001156932 0.999937296 306.504486084
0.999929726 -0.001157363 0.011798425 -0.050437465 0.001194865 0.999994278 -0.003171969 -4.528934002 -0.011794685 0.003185843 0.999925375 308.081329346
0.999934077 -0.001769672 0.011337765 -0.035482779 0.001816502 0.999989867 -0.004121521 -4.557396889 -0.011330357 0.004141846 0.999927223 309.681396484
0.999959171 -0.001231475 0.008949010 -0.027950589 0.001279132 0.999985099 -0.005321547 -4.587147713 -0.008942322 0.005332777 0.999945760 311.293121338
0.999976099 -0.000009982 0.006902239 -0.027191231 0.000041599 0.999989510 -0.004580465 -4.619035244 -0.006902121 0.004580642 0.999965608 312.909545898
0.999980569 0.001044609 0.006137985 -0.020661723 -0.001034856 0.999998271 -0.001591861 -4.645178795 -0.006139636 0.001585479 0.999979854 314.537658691
0.999977589 -0.000117867 0.006693651 -0.004393032 0.000109759 0.999999285 0.001211690 -4.667617798 -0.006693789 -0.001210928 0.999976873 316.192108154
0.999976933 -0.000997100 0.006720335 0.002294865 0.000982641 0.999997258 0.002154483 -4.691739082 -0.006722465 -0.002147830 0.999975145 317.824188232
0.999973834 -0.002308704 0.006858861 0.008346414 0.002301998 0.999996781 0.000985487 -4.714829922 -0.006861115 -0.000969672 0.999975979 319.454772949
0.999966204 -0.003994276 0.007195130 0.008281164 0.003985215 0.999991179 0.001273236 -4.739095688 -0.007200154 -0.001244519 0.999973297 321.066101074
0.999958158 -0.003698413 0.008367691 -0.016402910 0.003686054 0.999992013 0.001491933 -4.757964611 -0.008373143 -0.001461027 0.999963880 322.659576416
0.999950469 -0.003653662 0.009250639 -0.012624047 0.003640749 0.999992371 0.001412338 -4.783629417 -0.009255728 -0.001378589 0.999956131 324.284393311
0.999956012 -0.002505190 0.009037400 -0.001203476 0.002503602 0.999996781 0.000187026 -4.803659439 -0.009037842 -0.000164391 0.999959171 325.907196045
0.999951482 -0.001152161 0.009774871 0.006220905 0.001155397 0.999999285 -0.000325390 -4.834192753 -0.009774488 0.000336668 0.999952197 327.520660400
0.999945402 -0.002630054 0.010110660 0.021623168 0.002612837 0.999995112 0.001715659 -4.861646652 -0.010115122 -0.001689148 0.999947488 329.156066895
0.999933898 -0.004091229 0.010745086 0.020815637 0.004061983 0.999988139 0.002742206 -4.886919022 -0.010756176 -0.002698379 0.999938428 330.777496338
0.999931037 -0.005566565 0.010341371 0.040945046 0.005550606 0.999983370 0.001571227 -4.914434433 -0.010349946 -0.001513717 0.999945283 332.409851074
0.999939859 -0.004612312 0.009945500 0.057731286 0.004598281 0.999988496 0.001433223 -4.936438560 -0.009951996 -0.001387405 0.999949455 334.049224854
0.999945581 -0.002815979 0.010046419 0.052941237 0.002817516 0.999995947 -0.000138806 -4.974508286 -0.010045986 0.000167105 0.999949515 335.655181885
0.999959707 -0.001424981 0.008854272 0.066949204 0.001449715 0.999995053 -0.002787626 -5.004897118 -0.008850253 0.002800350 0.999956906 337.280364990
0.999965072 -0.000385458 0.008358451 0.065616742 0.000408956 0.999995947 -0.002809740 -5.032116413 -0.008357334 0.002813059 0.999961078 338.891601562
0.999970436 0.002299078 0.007357387 0.064625226 -0.002300796 0.999997318 0.000225065 -5.061028004 -0.007356850 -0.000241986 0.999972820 340.470153809
0.999977827 0.002810713 0.006037623 0.065474026 -0.002832047 0.999989688 0.003527845 -5.092351437 -0.006027645 -0.003544865 0.999975502 342.068664551
0.999980152 0.003341615 0.005340398 0.063948646 -0.003354890 0.999991298 0.002478564 -5.121317387 -0.005332069 -0.002496431 0.999982655 343.666351318
0.999989331 0.002729043 0.003704993 0.062830754 -0.002731715 0.999996006 0.000716409 -5.143254280 -0.003703022 -0.000726522 0.999992907 345.253173828
0.999996960 0.001455162 0.002000104 0.061478715 -0.001458777 0.999997318 0.001807155 -5.162752151 -0.001997469 -0.001810067 0.999996364 346.846893311
0.999999762 0.000033474 0.000565369 0.065462857 -0.000034912 0.999996781 0.002545131 -5.192474365 -0.000565282 -0.002545150 0.999996662 348.445953369
0.999999762 -0.000365142 0.000627759 0.046455622 0.000364064 0.999998391 0.001716537 -5.216178417 -0.000628384 -0.001716308 0.999998331 350.048614502
0.999998987 -0.001428688 0.000186352 0.053021707 0.001428555 0.999998748 0.000709622 -5.237953663 -0.000187366 -0.000709355 0.999999702 351.637390137
0.999998987 -0.001400119 0.000276853 0.041133411 0.001399977 0.999998808 0.000511743 -5.266341686 -0.000277570 -0.000511355 0.999999821 353.240692139
0.999998033 -0.001890263 0.000557573 0.026400173 0.001890100 0.999998152 0.000293055 -5.290114880 -0.000558126 -0.000292001 0.999999821 354.826263428
0.999996901 -0.002467952 0.000318059 0.023197034 0.002468051 0.999996960 -0.000310770 -5.316905975 -0.000317291 0.000311554 0.999999881 356.428344727
0.999997854 -0.001988068 0.000604989 0.004203375 0.001988710 0.999997377 -0.001062666 -5.350543976 -0.000602875 0.001063867 0.999999166 358.027832031
0.999996245 -0.002741952 0.000076209 0.005907516 0.002742011 0.999995887 -0.000774091 -5.376061440 -0.000074086 0.000774297 0.999999642 359.604125977
0.999995053 -0.003150084 -0.000073846 0.006151347 0.003149997 0.999994397 -0.001144629 -5.408717155 0.000077451 0.001144391 0.999999285 361.195770264
0.999988198 -0.004854663 -0.000059422 -0.003511893 0.004854466 0.999983847 -0.002947653 -5.434676647 0.000073731 0.002947330 0.999995649 362.801483154
0.999981284 -0.006108823 -0.000282271 -0.007139592 0.006108489 0.999980807 -0.001163001 -5.466303349 0.000289370 0.001161256 0.999999285 364.419281006
0.999962032 -0.008600645 -0.001404037 0.009396552 0.008600569 0.999962986 -0.000060188 -5.494535446 0.001404503 0.000048111 0.999998987 366.014678955
0.999969840 -0.007767195 -0.000006605 -0.016839385 0.007767174 0.999968588 -0.001532464 -5.517357826 0.000018508 0.001532367 0.999998808 367.628295898
0.999978840 -0.006426845 0.001054055 -0.039052028 0.006429299 0.999976575 -0.002343705 -5.540489674 -0.001038968 0.002350433 0.999996722 369.247039795
0.999984205 -0.005524784 0.001008336 -0.041719355 0.005525917 0.999984026 -0.001123928 -5.581819534 -0.001002111 0.001129482 0.999998808 370.851257324
0.999991238 -0.003924142 0.001435336 -0.050634075 0.003924712 0.999992132 -0.000394304 -5.605424404 -0.001433778 0.000399934 0.999998927 372.460693359
0.999990404 -0.004168528 0.001356134 -0.051024023 0.004169357 0.999991119 -0.000609217 -5.637271881 -0.001353583 0.000614865 0.999998868 374.059265137
0.999991655 -0.003803603 0.001482533 -0.065427497 0.003806438 0.999990880 -0.001913698 -5.655166149 -0.001475241 0.001919325 0.999997079 375.650970459
0.999990761 -0.003762477 0.002069894 -0.077089302 0.003765745 0.999991596 -0.001577484 -5.694905281 -0.002063942 0.001585264 0.999996603 377.224273682
0.999990821 -0.003688279 0.002191273 -0.070428729 0.003691521 0.999992073 -0.001476939 -5.725811005 -0.002185808 0.001485014 0.999996483 378.852691650
0.999994755 -0.001840788 0.002663001 -0.085177556 0.001844721 0.999997199 -0.001474889 -5.750819683 -0.002660278 0.001479793 0.999995351 380.467956543
0.999993682 -0.000063471 0.003549083 -0.091922343 0.000067498 0.999999404 -0.001134367 -5.776391029 -0.003549009 0.001134600 0.999993026 382.070739746
0.999991536 0.001535276 0.003795613 -0.101924866 -0.001529914 0.999997973 -0.001415030 -5.813798428 -0.003797777 0.001409211 0.999991775 383.702484131
